nbNodes
12
nbVehi
3
nbServi
6
r
1 1 1 1 1 1 
1 0 0 0 0 0 
0 1 0 0 0 0 
0 0 0 1 0 0 
0 0 1 0 0 0 
0 0 1 0 0 1 
0 0 1 0 0 0 
1 0 0 1 0 0 
0 1 0 0 0 0 
0 0 1 0 0 1 
0 1 0 0 1 0 
1 1 1 1 1 1 
DS
6 8 10 11 
a
1 1 1 0 0 0 
0 0 0 1 1 1 
0 0 0 0 1 1 
x
-30.036 -30.0483 -30.0444 -30.0296 -30.0023 -29.9845 -30.036 -30.0423 -30.0247 -30.0882 -30.0452 -30.036
y
-51.1517 -51.1776 -51.147 -51.169 -51.0966 -51.1956 -51.1517 -51.1284 -51.206 -51.1822 -51.1691 -51.1517
d
0.00000 8.00000 4.00000 4.00000 16.00000 15.00000 0.00000 6.00000 12.00000 19.00000 6.00000 0.00000
6.00000 0.00000 7.00000 6.00000 20.00000 13.00000 6.00000 10.00000 10.00000 13.00000 3.00000 6.00000
4.00000 9.00000 0.00000 7.00000 15.00000 17.00000 4.00000 5.00000 14.00000 19.00000 7.00000 4.00000
4.00000 8.00000 7.00000 0.00000 19.00000 13.00000 4.00000 10.00000 10.00000 19.00000 6.00000 4.00000
16.00000 21.00000 16.00000 19.00000 0.00000 23.00000 16.00000 13.00000 22.00000 32.00000 19.00000 16.00000
15.00000 14.00000 18.00000 14.00000 20.00000 0.00000 15.00000 21.00000 10.00000 24.00000 15.00000 15.00000
0.00000 8.00000 4.00000 4.00000 16.00000 15.00000 0.00000 6.00000 12.00000 19.00000 6.00000 0.00000
7.00000 13.00000 7.00000 11.00000 13.00000 20.00000 7.00000 0.00000 17.00000 24.00000 11.00000 7.00000
13.00000 11.00000 15.00000 10.00000 23.00000 9.00000 13.00000 17.00000 0.00000 18.00000 12.00000 13.00000
17.00000 12.00000 17.00000 17.00000 31.00000 24.00000 17.00000 21.00000 17.00000 0.00000 15.00000 17.00000
5.00000 4.00000 6.00000 6.00000 18.00000 14.00000 5.00000 8.00000 11.00000 15.00000 0.00000 5.00000
0.00000 8.00000 4.00000 4.00000 16.00000 15.00000 0.00000 6.00000 12.00000 19.00000 6.00000 0.00000
p
0.0 0.0 0.0 0.0 0.0 0.0 
0.0 0.0 0.0 0.0 0.0 0.0 
0.0 0.0 0.0 0.0 0.0 0.0 
34 0 0 0 0 0 
34 0 0 0 0 0 
34 0 0 0 0 0 
0 44 0 0 0 0 
0 44 0 0 0 0 
0 44 0 0 0 0 
0 0 0 51 0 0 
0 0 0 51 0 0 
0 0 0 51 0 0 
0 0 37 0 0 0 
0 0 37 0 0 0 
0 0 37 0 0 0 
0 0 51 0 0 50 
0 0 51 0 0 50 
0 0 51 0 0 50 
0 0 20 0 0 0 
0 0 20 0 0 0 
0 0 20 0 0 0 
18 0 0 21 0 0 
18 0 0 21 0 0 
18 0 0 21 0 0 
0 31 0 0 0 0 
0 31 0 0 0 0 
0 31 0 0 0 0 
0 0 23 0 0 53 
0 0 23 0 0 53 
0 0 23 0 0 53 
0 56 0 0 49 0 
0 56 0 0 49 0 
0 56 0 0 49 0 
0.0 0.0 0.0 0.0 0.0 0.0 
0.0 0.0 0.0 0.0 0.0 0.0 
0.0 0.0 0.0 0.0 0.0 0.0 
mind
0 0 0 0 0 0 0 20 0 0 15 0
maxd
0 0 0 0 0 0 0 24 0 0 29 0
e
0 694 760 506 687 502 663 838 758 862 754 0
l
99999 814 880 626 807 622 783 958 878 982 874 99999
